0.95199585	4.37439E-05
0.954437256	4.38507E-05
0.956878662	4.3924E-05
0.959320068	4.40125E-05
0.961761475	4.40979E-05
0.964202881	4.42078E-05
0.966644287	4.42932E-05
0.969085693	4.43787E-05
0.9715271	4.44611E-05
0.973968506	4.45587E-05
0.976409912	4.4635E-05
0.978851318	4.47784E-05
0.981292725	4.48517E-05
0.983734131	4.49097E-05
0.986175537	4.4989E-05
0.988616943	4.50378E-05
0.99105835	4.51141E-05
0.993499756	4.51752E-05
0.995941162	4.52148E-05
0.998382568	4.5282E-05
1.000823975	4.53217E-05
1.003265381	4.53766E-05
1.005706787	4.54071E-05
1.008148193	4.54224E-05
1.0105896	4.54468E-05
1.013031006	4.54865E-05
1.015472412	4.55078E-05
1.017913818	4.55566E-05
1.020355225	4.55627E-05
1.022796631	4.55902E-05
1.025238037	4.56146E-05
1.027679443	4.56268E-05
1.03012085	4.56329E-05
1.032562256	4.56451E-05
1.035003662	4.56635E-05
1.037445068	4.56726E-05
1.039886475	4.5697E-05
1.042327881	4.57153E-05
1.044769287	4.57367E-05
1.047210693	4.57367E-05
1.0496521	4.57855E-05
1.052093506	4.58252E-05
1.054534912	4.58435E-05
1.056976318	4.59198E-05
1.059417725	4.59656E-05
1.061859131	4.60083E-05
1.064300537	4.60541E-05
1.066741943	4.61182E-05
1.06918335	4.61639E-05
1.071624756	4.62402E-05
1.074066162	4.63013E-05
1.076507568	4.63745E-05
1.078948975	4.64691E-05
1.081390381	4.65637E-05
1.083831787	4.66461E-05
1.086273193	4.67438E-05
1.0887146	4.68658E-05
1.091156006	4.69604E-05
1.093597412	4.70642E-05
1.096038818	4.71802E-05
1.098480225	4.73267E-05
1.100921631	4.74579E-05
1.103363037	4.76044E-05
1.105804443	4.77478E-05
1.10824585	4.78912E-05
1.110687256	4.80682E-05
1.113128662	4.82086E-05
1.115570068	4.83673E-05
1.118011475	4.85535E-05
1.120452881	4.87213E-05
1.122894287	4.888E-05
1.125335693	4.90936E-05
1.1277771	4.92554E-05
1.130218506	4.9469E-05
1.132659912	4.96521E-05
1.135101318	4.98962E-05
1.137542725	5.00793E-05
1.139984131	5.0293E-05
1.142425537	5.05066E-05
1.144866943	5.07202E-05
1.14730835	5.09033E-05
1.149749756	5.11169E-05
1.152191162	5.13611E-05
1.154632568	5.15747E-05
1.157073975	5.17883E-05
1.159515381	5.2002E-05
1.161956787	5.22461E-05
1.164398193	5.24597E-05
1.1668396	5.26733E-05
1.169281006	5.29175E-05
1.171722412	5.31311E-05
1.174163818	5.34058E-05
1.176605225	5.36194E-05
1.179046631	5.38635E-05
1.181488037	5.40771E-05
1.183929443	5.43213E-05
1.18637085	5.45654E-05
1.188812256	5.48096E-05
1.191253662	5.50537E-05
1.193695068	5.52673E-05
1.196136475	5.5542E-05
1.198577881	5.57861E-05
1.201019287	5.60303E-05
1.198577881	4.48181E-05
1.196136475	3.83728E-05
1.193695068	3.33984E-05
1.191253662	2.93732E-05
1.188812256	2.60193E-05
1.18637085	2.31873E-05
1.183929443	2.07672E-05
1.181488037	1.8689E-05
1.179046631	1.68427E-05
1.176605225	1.52527E-05
1.174163818	1.38336E-05
1.171722412	1.25824E-05
1.169281006	1.14685E-05
1.1668396	1.04614E-05
1.164398193	9.56116E-06
1.161956787	8.75854E-06
1.159515381	8.00171E-06
1.157073975	7.33032E-06
1.154632568	6.69861E-06
1.152191162	6.13708E-06
1.149749756	5.59387E-06
1.14730835	5.11169E-06
1.144866943	4.6814E-06
1.142425537	4.245E-06
1.139984131	3.8559E-06
1.137542725	3.49396E-06
1.135101318	3.13354E-06
1.132659912	2.80212E-06
1.130218506	2.50153E-06
1.1277771	2.21069E-06
1.125335693	1.94916E-06
1.122894287	1.6626E-06
1.120452881	1.41663E-06
1.118011475	1.1795E-06
1.115570068	9.41772E-07
1.113128662	7.09839E-07
1.110687256	5.10559E-07
1.10824585	2.83203E-07
1.105804443	7.38525E-08
1.103363037	-1.20239E-07
1.100921631	-2.89307E-07
1.098480225	-5.11475E-07
1.096038818	-6.92139E-07
1.093597412	-8.70361E-07
1.091156006	-1.03455E-06
1.0887146	-1.23047E-06
1.086273193	-1.38275E-06
1.083831787	-1.57257E-06
1.081390381	-1.73309E-06
1.078948975	-1.90948E-06
1.076507568	-2.08496E-06
1.074066162	-2.25891E-06
1.071624756	-2.43134E-06
1.06918335	-2.58881E-06
1.066741943	-2.75604E-06
1.064300537	-2.94098E-06
1.061859131	-3.10211E-06
1.059417725	-3.28003E-06
1.056976318	-3.44757E-06
1.054534912	-3.63678E-06
1.052093506	-3.79852E-06
1.0496521	-3.9798E-06
1.047210693	-4.16626E-06
1.044769287	-4.33044E-06
1.042327881	-4.51965E-06
1.039886475	-4.71497E-06
1.037445068	-4.89807E-06
1.035003662	-5.08728E-06
1.032562256	-5.27649E-06
1.03012085	-5.4657E-06
1.027679443	-5.67932E-06
1.025238037	-5.87769E-06
1.022796631	-6.07605E-06
1.020355225	-6.29883E-06
1.017913818	-6.52466E-06
1.015472412	-6.75659E-06
1.013031006	-6.96716E-06
1.0105896	-7.2052E-06
1.008148193	-7.41882E-06
1.005706787	-7.65991E-06
1.003265381	-7.90405E-06
1.000823975	-8.1604E-06
0.998382568	-8.42285E-06
0.995941162	-8.6853E-06
0.993499756	-8.96912E-06
0.99105835	-9.24377E-06
0.988616943	-9.52148E-06
0.986175537	-9.80835E-06
0.983734131	-1.01074E-05
0.981292725	-1.04309E-05
0.978851318	-1.0733E-05
0.976409912	-1.1084E-05
0.973968506	-1.13983E-05
0.9715271	-1.17401E-05
0.969085693	-1.2088E-05
0.966644287	-1.24573E-05
0.964202881	-1.28326E-05
0.961761475	-1.32141E-05
0.959320068	-1.362E-05
0.956878662	-1.40015E-05
0.954437256	-1.44379E-05
0.95199585	-1.4859E-05
0.949554443	-1.53076E-05
0.947113037	-1.57562E-05
0.944671631	-1.62384E-05
0.942230225	-1.67236E-05
0.939788818	-1.72211E-05
0.937347412	-1.77917E-05
0.934906006	-1.82892E-05
0.9324646	-1.88324E-05
0.930023193	-1.93848E-05
0.927581787	-1.99677E-05
0.925140381	-2.05719E-05
0.922698975	-2.11823E-05
0.920257568	-2.18048E-05
0.917816162	-2.24365E-05
0.915374756	-2.3111E-05
0.91293335	-2.37793E-05
0.910491943	-2.44568E-05
0.908050537	-2.5177E-05
0.905609131	-2.58942E-05
0.903167725	-2.66174E-05
0.900726318	-2.73743E-05
0.898284912	-2.81342E-05
0.895843506	-2.89032E-05
0.8934021	-2.96631E-05
0.890960693	-3.04413E-05
0.888519287	-3.12378E-05
0.886077881	-3.20435E-05
0.883636475	-3.28583E-05
0.881195068	-3.36975E-05
0.878753662	-3.45367E-05
0.876312256	-3.53882E-05
0.87387085	-3.62732E-05
0.871429443	-3.71246E-05
0.868988037	-3.80157E-05
0.866546631	-3.89221E-05
0.864105225	-3.98682E-05
0.861663818	-4.07898E-05
0.859222412	-4.17786E-05
0.856781006	-4.27246E-05
0.8543396	-4.36981E-05
0.851898193	-4.46747E-05
0.849456787	-4.56635E-05
0.847015381	-4.66553E-05
0.844573975	-4.76563E-05
0.842132568	-4.86389E-05
0.839691162	-4.96216E-05
0.837249756	-5.05981E-05
0.83480835	-5.15747E-05
0.832366943	-5.25208E-05
0.829925537	-5.34363E-05
0.827484131	-5.43823E-05
0.825042725	-5.52673E-05
0.822601318	-5.61523E-05
0.820159912	-5.70374E-05
0.817718506	-5.78613E-05
0.8152771	-5.86853E-05
0.812835693	-5.94482E-05
0.810394287	-6.02417E-05
0.807952881	-6.09741E-05
0.805511475	-6.17371E-05
0.803070068	-6.2439E-05
0.800628662	-6.31104E-05
0.798187256	-6.37817E-05
0.79574585	-6.44226E-05
0.793304443	-6.5033E-05
0.790863037	-6.56128E-05
0.788421631	-6.61926E-05
0.785980225	-6.67419E-05
0.783538818	-6.72607E-05
0.781097412	-6.77185E-05
0.778656006	-6.81763E-05
0.7762146	-6.8573E-05
0.773773193	-6.89697E-05
0.771331787	-6.93054E-05
0.768890381	-6.96411E-05
0.766448975	-6.99463E-05
0.764007568	-7.01599E-05
0.761566162	-7.03735E-05
0.759124756	-7.05566E-05
0.75668335	-7.06787E-05
0.754241943	-7.07703E-05
0.751800537	-7.08313E-05
0.749359131	-7.08618E-05
0.746917725	-7.08313E-05
0.744476318	-7.08008E-05
0.742034912	-7.07092E-05
0.739593506	-7.05872E-05
0.7371521	-7.04041E-05
0.734710693	-7.02209E-05
0.732269287	-6.99768E-05
0.729827881	-6.97327E-05
0.727386475	-6.9458E-05
0.724945068	-6.91223E-05
0.722503662	-6.87561E-05
0.720062256	-6.84204E-05
0.71762085	-6.80237E-05
0.715179443	-6.75964E-05
0.712738037	-6.71692E-05
0.710296631	-6.66809E-05
0.707855225	-6.62231E-05
0.705413818	-6.57349E-05
0.702972412	-6.52161E-05
0.700531006	-6.46973E-05
0.6980896	-6.41174E-05
0.695648193	-6.35376E-05
0.693206787	-6.29578E-05
0.690765381	-6.23474E-05
0.688323975	-6.17676E-05
0.685882568	-6.11572E-05
0.683441162	-6.05469E-05
0.680999756	-5.9906E-05
0.67855835	-5.92957E-05
0.676116943	-5.86548E-05
0.673675537	-5.80444E-05
0.671234131	-5.74036E-05
0.668792725	-5.67932E-05
0.666351318	-5.61829E-05
0.663909912	-5.56335E-05
0.661468506	-5.50232E-05
0.6590271	-5.44434E-05
0.656585693	-5.3833E-05
0.654144287	-5.32837E-05
0.651702881	-5.27344E-05
0.649261475	-5.21851E-05
0.646820068	-5.16663E-05
0.644378662	-5.11475E-05
0.641937256	-5.06287E-05
0.63949585	-5.01404E-05
0.637054443	-4.96826E-05
0.634613037	-4.92249E-05
0.632171631	-4.87854E-05
0.629730225	-4.83765E-05
0.627288818	-4.79797E-05
0.624847412	-4.75952E-05
0.622406006	-4.72198E-05
0.6199646	-4.68628E-05
0.617523193	-4.64905E-05
0.615081787	-4.61395E-05
0.612640381	-4.58038E-05
0.610198975	-4.54437E-05
0.607757568	-4.50836E-05
0.605316162	-4.47052E-05
0.602874756	-4.42841E-05
0.60043335	-4.38507E-05
0.597991943	-4.33807E-05
0.595550537	-4.28741E-05
0.593109131	-4.23309E-05
0.590667725	-4.17755E-05
0.588226318	-4.11621E-05
0.585784912	-4.05457E-05
0.583343506	-3.9856E-05
0.5809021	-3.91815E-05
0.578460693	-3.84369E-05
0.576019287	-3.77197E-05
0.573577881	-3.69629E-05
0.571136475	-3.62152E-05
0.568695068	-3.54675E-05
0.566253662	-3.4726E-05
0.563812256	-3.39905E-05
0.56137085	-3.32642E-05
0.558929443	-3.25378E-05
0.556488037	-3.18359E-05
0.554046631	-3.11615E-05
0.551605225	-3.05145E-05
0.549163818	-2.98462E-05
0.546722412	-2.92511E-05
0.544281006	-2.86438E-05
0.5418396	-2.80518E-05
0.539398193	-2.74963E-05
0.536956787	-2.69531E-05
0.534515381	-2.64313E-05
0.532073975	-2.5943E-05
0.529632568	-2.54517E-05
0.527191162	-2.49878E-05
0.524749756	-2.45361E-05
0.52230835	-2.41241E-05
0.519866943	-2.37091E-05
0.517425537	-2.33002E-05
0.514984131	-2.29187E-05
0.512542725	-2.25708E-05
0.510101318	-2.22229E-05
0.507659912	-2.18964E-05
0.505218506	-2.15668E-05
0.5027771	-2.12524E-05
0.500335693	-2.09381E-05
0.497894287	-2.06451E-05
0.495452881	-2.03766E-05
0.493011475	-2.01172E-05
0.490570068	-1.98486E-05
0.488128662	-1.96136E-05
0.485687256	-1.93756E-05
0.48324585	-1.91376E-05
0.480804443	-1.89178E-05
0.478363037	-1.87073E-05
0.475921631	-1.84906E-05
0.473480225	-1.82983E-05
0.471038818	-1.8103E-05
0.468597412	-1.79077E-05
0.466156006	-1.77307E-05
0.4637146	-1.75507E-05
0.461273193	-1.7392E-05
0.458831787	-1.72119E-05
0.456390381	-1.70685E-05
0.453948975	-1.6922E-05
0.451507568	-1.67633E-05
0.449066162	-1.66199E-05
0.446624756	-1.64886E-05
0.44418335	-1.63574E-05
0.441741943	-1.62262E-05
0.439300537	-1.61133E-05
0.436859131	-1.59943E-05
0.434417725	-1.58875E-05
0.431976318	-1.57837E-05
0.429534912	-1.56891E-05
0.427093506	-1.55823E-05
0.4246521	-1.54846E-05
0.422210693	-1.54022E-05
0.419769287	-1.53168E-05
0.417327881	-1.52496E-05
0.414886475	-1.51825E-05
0.412445068	-1.51184E-05
0.410003662	-1.50482E-05
0.407562256	-1.50024E-05
0.40512085	-1.49597E-05
0.402679443	-1.48956E-05
0.400238037	-1.48712E-05
0.397796631	-1.48346E-05
0.395355225	-1.4798E-05
0.392913818	-1.47919E-05
0.390472412	-1.47797E-05
0.388031006	-1.47675E-05
0.3855896	-1.47675E-05
0.383148193	-1.47552E-05
0.380706787	-1.47614E-05
0.378265381	-1.47888E-05
0.375823975	-1.48071E-05
0.373382568	-1.48438E-05
0.370941162	-1.48743E-05
0.368499756	-1.49231E-05
0.36605835	-1.4978E-05
0.363616943	-1.50299E-05
0.361175537	-1.51001E-05
0.358734131	-1.51917E-05
0.356292725	-1.52924E-05
0.353851318	-1.5387E-05
0.351409912	-1.5506E-05
0.348968506	-0.000015625
0.3465271	-1.57471E-05
0.344085693	-1.58997E-05
0.341644287	-1.60675E-05
0.339202881	-1.62445E-05
0.336761475	-1.64398E-05
0.334320068	-1.66321E-05
0.331878662	-1.68793E-05
0.329437256	-1.70929E-05
0.32699585	-1.73828E-05
0.324554443	-1.76666E-05
0.322113037	-1.79535E-05
0.319671631	-1.82983E-05
0.317230225	-1.86523E-05
0.314788818	-1.89941E-05
0.312347412	-1.94733E-05
0.309906006	-1.98395E-05
0.3074646	-2.03003E-05
0.305023193	-2.07642E-05
0.302581787	-2.12555E-05
0.300140381	-2.17773E-05
0.297698975	-2.23389E-05
0.295257568	-2.2879E-05
0.292816162	-2.34802E-05
0.290374756	-2.40662E-05
0.28793335	-2.47101E-05
0.285491943	-2.53387E-05
0.283050537	-2.6001E-05
0.280609131	-2.66602E-05
0.278167725	-2.73407E-05
0.275726318	-2.80334E-05
0.273284912	-2.87628E-05
0.270843506	-2.94373E-05
0.2684021	-3.01361E-05
0.265960693	-3.08563E-05
0.263519287	-3.15918E-05
0.261077881	-3.22906E-05
0.258636475	-3.30353E-05
0.256195068	-3.37708E-05
0.253753662	-3.45001E-05
0.251312256	-3.52417E-05
0.24887085	-3.59772E-05
0.246429443	-3.67126E-05
0.243988037	-3.74542E-05
0.241546631	-3.81622E-05
0.239105225	-3.88977E-05
0.236663818	-3.96149E-05
0.234222412	-4.03687E-05
0.231781006	-4.10522E-05
0.2293396	-4.17725E-05
0.226898193	-4.24744E-05
0.224456787	-4.31732E-05
0.222015381	-4.3869E-05
0.219573975	-4.46136E-05
0.217132568	-4.53369E-05
0.214691162	-4.60541E-05
0.212249756	-4.67682E-05
0.20980835	-4.75403E-05
0.207366943	-4.82788E-05
0.204925537	-4.90417E-05
0.202484131	-4.98047E-05
0.200042725	-5.06287E-05
0.197601318	-5.14526E-05
0.195159912	-5.23682E-05
0.192718506	-5.31921E-05
0.1902771	-5.41077E-05
0.187835693	-5.50537E-05
0.185394287	-5.60608E-05
0.182952881	-5.71289E-05
0.180511475	-5.83496E-05
0.178070068	-5.96008E-05
0.175628662	-6.09436E-05
0.173187256	-6.24084E-05
0.17074585	-6.39954E-05
0.168304443	-6.56738E-05
0.165863037	-6.74133E-05
0.163421631	-6.92749E-05
0.160980225	-7.12585E-05
0.158538818	-7.32727E-05
0.156097412	-7.52869E-05
0.153656006	-7.73621E-05
0.1512146	-7.94983E-05
0.148773193	-8.16345E-05
0.146331787	-8.37097E-05
0.143890381	-8.57544E-05
0.141448975	-8.77991E-05
0.139007568	-8.98132E-05
0.136566162	-9.18274E-05
0.134124756	-9.37805E-05
0.13168335	-9.57031E-05
0.129241943	-9.75342E-05
0.126800537	-9.92737E-05
0.124359131	-0.0001008
0.121917725	-0.000102142
0.119476318	-0.000103241
0.117034912	-0.000104065
0.114593506	-0.000104309
0.1121521	-0.000104187
0.109710693	-0.000103577
0.107269287	-0.000102539
0.104827881	-0.000101105
0.102386475	-9.93652E-05
0.099945068	-9.73206E-05
0.097503662	-9.52148E-05
0.095062256	-9.29565E-05
0.09262085	-9.07593E-05
0.090179443	-8.8623E-05
0.087738037	-8.66089E-05
0.085296631	-8.47778E-05
0.082855225	-8.31604E-05
0.080413818	-8.16345E-05
0.077972412	-8.02917E-05
0.075531006	-7.89185E-05
0.0730896	-7.76672E-05
0.070648193	-7.64465E-05
0.068206787	-7.53479E-05
0.065765381	-7.43713E-05
0.063323975	-7.35779E-05
0.060882568	-7.2937E-05
0.058441162	-7.24182E-05
0.055999756	-7.20215E-05
0.05355835	-7.17773E-05
0.051116943	-7.16248E-05
0.048675537	-7.15637E-05
0.051116943	-3.23914E-05
0.05355835	-9.97925E-06
0.055999756	3.46008E-06
0.058441162	1.18561E-05
0.060882568	1.73737E-05
0.063323975	2.11761E-05
0.065765381	2.39319E-05
0.068206787	2.59918E-05
0.070648193	2.76581E-05
0.0730896	2.90222E-05
0.075531006	3.02826E-05
0.077972412	3.13751E-05
0.080413818	3.24677E-05
0.082855225	3.34015E-05
0.085296631	3.43597E-05
0.087738037	3.52997E-05
0.090179443	3.62305E-05
0.09262085	3.71796E-05
0.095062256	3.81989E-05
0.097503662	3.92029E-05
0.099945068	4.03046E-05
0.102386475	4.20044E-05
0.104827881	4.31946E-05
0.107269287	4.44122E-05
0.109710693	4.57153E-05
0.1121521	4.70459E-05
0.114593506	4.84619E-05
0.117034912	4.98657E-05
0.119476318	5.14221E-05
0.121917725	5.28259E-05
0.124359131	5.42297E-05
0.126800537	5.5542E-05
0.129241943	5.67932E-05
0.13168335	5.79224E-05
0.134124756	5.88989E-05
0.136566162	5.96313E-05
0.139007568	6.01807E-05
0.141448975	6.04858E-05
0.143890381	6.05469E-05
0.146331787	6.03333E-05
0.148773193	5.99365E-05
0.1512146	5.92651E-05
0.153656006	5.85022E-05
0.156097412	5.75867E-05
0.158538818	5.65491E-05
0.160980225	5.5603E-05
0.163421631	5.46265E-05
0.165863037	5.36804E-05
0.168304443	5.27954E-05
0.17074585	5.2002E-05
0.173187256	5.13916E-05
0.175628662	5.08423E-05
0.178070068	5.05066E-05
0.180511475	5.02319E-05
0.182952881	5.01099E-05
0.185394287	5.00183E-05
0.187835693	5.00488E-05
0.1902771	5.00793E-05
0.192718506	5.02014E-05
0.195159912	5.02625E-05
0.197601318	5.03845E-05
0.200042725	5.03235E-05
0.202484131	5.02625E-05
0.204925537	5.00488E-05
0.207366943	4.98352E-05
0.20980835	4.95605E-05
0.212249756	4.92249E-05
0.214691162	4.87671E-05
0.217132568	4.82788E-05
0.219573975	4.76685E-05
0.222015381	4.70001E-05
0.224456787	4.61823E-05
0.226898193	4.53339E-05
0.2293396	4.44031E-05
0.231781006	4.34357E-05
0.234222412	4.24011E-05
0.236663818	4.14581E-05
0.239105225	4.04144E-05
0.241546631	3.9389E-05
0.243988037	3.83148E-05
0.246429443	3.7265E-05
0.24887085	3.62457E-05
0.251312256	3.52264E-05
0.253753662	3.41675E-05
0.256195068	3.31268E-05
0.258636475	3.20526E-05
0.261077881	3.09937E-05
0.263519287	2.9895E-05
0.265960693	2.87781E-05
0.2684021	2.76611E-05
0.270843506	2.65472E-05
0.273284912	2.53998E-05
0.275726318	2.43378E-05
0.278167725	2.31598E-05
0.280609131	2.20245E-05
0.283050537	2.08801E-05
0.285491943	1.97845E-05
0.28793335	1.87012E-05
0.290374756	1.76819E-05
0.292816162	1.66534E-05
0.295257568	1.56891E-05
0.297698975	1.474E-05
0.300140381	1.38763E-05
0.302581787	1.29974E-05
0.305023193	1.21765E-05
0.3074646	1.13922E-05
0.309906006	1.06934E-05
0.312347412	1.00006E-05
0.314788818	9.45129E-06
0.317230225	8.76465E-06
0.319671631	8.19702E-06
0.322113037	7.64771E-06
0.324554443	7.14417E-06
0.32699585	6.6864E-06
0.329437256	6.26526E-06
0.331878662	5.84106E-06
0.334320068	5.4657E-06
0.336761475	5.11169E-06
0.339202881	4.77905E-06
0.341644287	4.48608E-06
0.344085693	4.20532E-06
0.3465271	3.92761E-06
0.348968506	3.71094E-06
0.351409912	3.47656E-06
0.353851318	3.29468E-06
0.356292725	3.0719E-06
0.358734131	2.90558E-06
0.361175537	2.7417E-06
0.363616943	2.57477E-06
0.36605835	2.43256E-06
0.368499756	2.2998E-06
0.370941162	2.17957E-06
0.373382568	2.05902E-06
0.375823975	1.95862E-06
0.378265381	1.86798E-06
0.380706787	1.76514E-06
0.383148193	1.69006E-06
0.3855896	1.59851E-06
0.388031006	1.52924E-06
0.390472412	1.46881E-06
0.392913818	1.40991E-06
0.395355225	1.35651E-06
0.397796631	1.31866E-06
0.400238037	1.27258E-06
0.402679443	1.2262E-06
0.40512085	1.19507E-06
0.407562256	1.18042E-06
0.410003662	1.14288E-06
0.412445068	1.13007E-06
0.414886475	1.11816E-06
0.417327881	1.1026E-06
0.419769287	1.09314E-06
0.422210693	1.08643E-06
0.4246521	1.08337E-06
0.427093506	1.10199E-06
0.429534912	1.10321E-06
0.431976318	1.12488E-06
0.434417725	1.12915E-06
0.436859131	1.14899E-06
0.439300537	1.18347E-06
0.441741943	1.20178E-06
0.44418335	1.23016E-06
0.446624756	1.26129E-06
0.449066162	1.29059E-06
0.451507568	1.33392E-06
0.453948975	1.37085E-06
0.456390381	1.41388E-06
0.458831787	1.45874E-06
0.461273193	1.49628E-06
0.4637146	1.54999E-06
0.466156006	1.58447E-06
0.468597412	1.64825E-06
0.471038818	1.69586E-06
0.473480225	1.76117E-06
0.475921631	1.81122E-06
0.478363037	1.86615E-06
0.480804443	1.92657E-06
0.48324585	1.98181E-06
0.485687256	2.04285E-06
0.488128662	2.09961E-06
0.490570068	2.16309E-06
0.493011475	2.22137E-06
0.495452881	2.29767E-06
0.497894287	2.35199E-06
0.500335693	2.40479E-06
0.5027771	2.46582E-06
0.505218506	2.53876E-06
0.507659912	2.58728E-06
0.510101318	2.68768E-06
0.512542725	2.73254E-06
0.514984131	2.789E-06
0.517425537	2.85522E-06
0.519866943	2.91504E-06
0.52230835	2.98981E-06
0.524749756	3.05695E-06
0.527191162	3.12042E-06
0.529632568	3.20618E-06
0.532073975	3.27789E-06
0.534515381	3.33588E-06
0.536956787	3.41614E-06
0.539398193	3.47107E-06
0.5418396	3.55377E-06
0.544281006	3.63678E-06
0.546722412	3.71429E-06
0.549163818	3.81195E-06
0.551605225	3.89954E-06
0.554046631	3.96271E-06
0.556488037	4.04907E-06
0.558929443	4.14124E-06
0.56137085	4.22974E-06
0.563812256	4.32129E-06
0.566253662	4.40979E-06
0.568695068	4.49219E-06
0.571136475	4.58679E-06
0.573577881	4.69055E-06
0.576019287	4.77905E-06
0.578460693	4.87366E-06
0.5809021	4.97742E-06
0.583343506	5.06897E-06
0.585784912	5.17883E-06
0.588226318	5.31006E-06
0.590667725	5.39856E-06
0.593109131	5.50842E-06
0.595550537	5.60303E-06
0.597991943	5.70984E-06
0.60043335	5.83191E-06
0.602874756	5.92957E-06
0.605316162	6.04248E-06
0.607757568	6.1615E-06
0.610198975	6.28967E-06
0.612640381	6.41479E-06
0.615081787	6.51855E-06
0.617523193	6.62842E-06
0.6199646	6.75354E-06
0.622406006	6.87866E-06
0.624847412	6.98547E-06
0.627288818	7.10449E-06
0.629730225	7.23267E-06
0.632171631	7.34253E-06
0.634613037	7.4646E-06
0.637054443	7.62329E-06
0.63949585	7.72705E-06
0.641937256	7.87048E-06
0.644378662	7.98645E-06
0.646820068	8.11462E-06
0.649261475	8.24585E-06
0.651702881	8.39539E-06
0.654144287	8.51135E-06
0.656585693	8.6731E-06
0.6590271	8.81348E-06
0.661468506	8.95386E-06
0.663909912	9.12476E-06
0.666351318	9.29871E-06
0.668792725	9.4696E-06
0.671234131	9.68018E-06
0.673675537	9.8877E-06
0.676116943	1.00983E-05
0.67855835	1.03271E-05
0.680999756	1.05835E-05
0.683441162	1.08551E-05
0.685882568	1.11145E-05
0.688323975	1.14014E-05
0.690765381	1.16882E-05
0.693206787	1.1972E-05
0.695648193	1.2265E-05
0.6980896	1.25793E-05
0.700531006	1.29456E-05
0.702972412	1.32935E-05
0.705413818	1.36993E-05
0.707855225	1.40991E-05
0.710296631	1.45325E-05
0.712738037	1.49597E-05
0.715179443	1.54236E-05
0.71762085	1.58752E-05
0.720062256	1.63635E-05
0.722503662	1.68518E-05
0.724945068	1.73492E-05
0.727386475	1.78467E-05
0.729827881	1.83228E-05
0.732269287	1.8808E-05
0.734710693	1.93115E-05
0.7371521	1.98181E-05
0.739593506	2.03339E-05
0.742034912	2.08374E-05
0.744476318	2.14661E-05
0.746917725	2.20215E-05
0.749359131	2.26288E-05
0.751800537	2.32666E-05
0.754241943	2.39258E-05
0.75668335	2.46155E-05
0.759124756	2.53571E-05
0.761566162	2.61139E-05
0.764007568	2.68951E-05
0.766448975	2.77374E-05
0.768890381	2.86041E-05
0.771331787	2.94708E-05
0.773773193	3.0365E-05
0.7762146	3.12592E-05
0.778656006	3.21686E-05
0.781097412	3.30597E-05
0.783538818	3.39325E-05
0.785980225	3.48145E-05
0.788421631	3.57086E-05
0.790863037	3.65417E-05
0.793304443	3.73657E-05
0.79574585	3.81531E-05
0.798187256	3.89465E-05
0.800628662	3.96942E-05
0.803070068	4.04327E-05
0.805511475	4.11041E-05
0.807952881	4.1748E-05
0.810394287	4.23492E-05
0.812835693	4.28589E-05
0.8152771	4.328E-05
0.817718506	4.3689E-05
0.820159912	4.39941E-05
0.822601318	4.43024E-05
0.825042725	4.44885E-05
0.827484131	4.46442E-05
0.829925537	4.47296E-05
0.832366943	4.48029E-05
0.83480835	4.48456E-05
0.837249756	4.48914E-05
0.839691162	4.487E-05
0.842132568	4.48608E-05
0.844573975	4.48395E-05
0.847015381	4.4809E-05
0.849456787	4.4754E-05
0.851898193	4.46777E-05
0.8543396	4.45892E-05
0.856781006	4.45099E-05
0.859222412	4.44275E-05
0.861663818	4.43512E-05
0.864105225	4.42444E-05
0.866546631	4.41437E-05
0.868988037	4.40338E-05
0.871429443	4.39392E-05
0.87387085	4.38416E-05
0.876312256	4.37592E-05
0.878753662	4.36615E-05
0.881195068	4.35944E-05
0.883636475	4.35211E-05
0.886077881	4.34479E-05
0.888519287	4.33807E-05
0.890960693	4.33289E-05
0.8934021	4.32678E-05
0.895843506	4.32098E-05
0.898284912	4.31702E-05
0.900726318	4.31732E-05
0.903167725	4.31213E-05
0.905609131	4.30939E-05
0.908050537	4.30573E-05
0.910491943	4.3042E-05
0.91293335	4.30206E-05
0.915374756	4.30237E-05
0.917816162	4.30206E-05
0.920257568	4.30359E-05
0.922698975	4.3045E-05
0.925140381	4.30725E-05
0.927581787	4.31091E-05
0.930023193	4.31183E-05
0.9324646	4.31763E-05
0.934906006	4.32281E-05
0.937347412	4.32709E-05
0.939788818	4.34235E-05
0.942230225	4.34753E-05
0.944671631	4.35242E-05
0.947113037	4.35913E-05
0.949554443	4.36859E-05
